
1432.863823
1479.568727
1405.830382
1504.949001

1428.881305
1469.150336
1488.164155
1482.098973

1465.954372
1509.859333
1505.348403
1529.450375

1485.055636
1535.999995
1550.794661
1547.758915

1417.354628
1471.025109
1497.035559
1491.998562

1520.667761
1557.079420
1629.245344
1617.730563

1566.659829
1613.100221
1626.090077
1631.936837

1555.344598
1576.065466
1584.339413
1585.361331

1559.245464
1568.283895
1581.778836
1599.187369

1564.112961
1584.321676
1642.184558
1628.946872

1556.401100
1557.874013
1588.320184
1604.486655

1470.282963
1490.077695
1541.083246
1522.901372

1486.110027
1515.902736
1518.173152
1530.099233

1570.221632
1620.610880
1673.623163
1629.343905

1586.309218
1629.125179
1652.393035
1611.634930

1532.806823
1569.738372
1610.613979
1592.033181

1573.329026
1611.923357
1664.411366
1618.190512

1613.861317
1639.152776
1702.516786
1653.243717

1593.692663
1610.751937
1633.618905
1617.584513

1625.240211
1645.227251
1683.938445
1657.145470

1640.839120
1681.848290
1688.208450
1666.469356

1658.838407
1641.889076
1678.807490
1677.056390

1668.526772
1663.942345
1565.066112
1675.385586

1674.935560
1696.712380
1692.837141
1662.429284

1608.934590
1638.804665
1679.219409
1637.736804

1642.190049
1651.199304
1686.056274
1672.186554

1577.164318
1620.181936
1646.659134
1603.756245

1673.475567
1673.782193
1694.348319
1667.446478

1530.017920
1532.562328
1567.118546
1584.970398

1565.693873
1638.181523
1610.882459
1617.742161

1477.915378
1491.378413
1527.872431
1513.543339

1547.697518
1555.102709
1578.164767
1591.665348

1510.653461
1522.891095
1560.508201
1554.158469

1582.486661
1588.028665
1606.934517
1590.274160

1532.215556
1560.515493
1577.916027
1596.436662

1585.024256
1602.235615
1651.262003
1640.165777

1575.829878
1623.017991
1636.851940
1616.104499

1597.080987
1466.553554
1628.866790
1637.036475

1598.243919
1596.024689
1618.931307
1626.431540

1623.850690
1639.950579
1721.045492
1670.719981

1558.247039
1581.606548
1615.898382
1606.987714

1542.174574
1563.630232
1614.839229
1617.881343

1507.647997
1592.638411
1606.506599
1604.136160

1599.993642
1615.123492
1627.765186
1633.386888

1572.446333
1631.949914
1650.317777
1589.021175

1574.014471
1630.494452
1641.499461
1631.809577

1563.679429
1569.911921
1632.842897
1612.121612

1582.095645
1614.323126
1627.400642
1615.473491

1537.289314
1586.706240
1596.525187
1609.613869

1549.417327
1616.528156
1621.857174
1604.200575

1639.718692
1662.711346
1659.936943
1646.816004

1641.083581
1681.973648
1691.292340
1673.665434

1512.286406
1687.819063
1710.839762
1686.132204

1593.968312
1613.058150
1684.576498
1661.696439

1575.649071
1630.179290
1617.621180
1664.597854

1633.495218
1645.986523
1675.592363
1650.881637

1607.887020
1602.066527
1663.468286
1632.075920

1589.116442
1624.179207
1670.508389
1643.882327

1631.122592
1684.643797
1698.949594
1696.054422

1617.487056
1638.328424
1653.345203
1553.057342

1477.039266
1496.035305
1561.837842
1506.032926

1643.046745
1692.192473
1672.536262
1680.975030

1628.055288
1667.420172
1688.457328
1654.263399

1648.438745
1642.466253
1683.427469
1684.592472

1620.320594
1646.600356
1672.684027
1647.730211

1543.619244
1559.889545
1592.092985
1606.933280

1514.253737
1546.500963
1526.181123
1557.179317

1501.162794
1526.944485
1558.489907
1561.659062

1426.629294
1473.524114
1492.296161
1467.527915

1604.850259
1601.116914
1671.170086
1636.431034

1626.391621
1577.055883
1503.542743
1414.986007

1630.466433
1656.126504
1679.619028
1613.509521

1465.218618
1480.208744
1479.279589
1489.881467

1627.323249
1650.838877
1660.205614
1637.348836

1421.885907
1347.910363
1462.638010
1470.476393

1590.649229
1610.474491
1647.216271
1636.230282

1561.353888
1606.679100
1622.087188
1631.166568

1593.789708
1600.196948
1604.710534
1625.744643

1534.296294
1565.280005
1602.456098
1574.977057

1602.377677
1602.716636
1649.723988
1621.121569

1501.441381
1493.230796
1517.235992
1535.332855

1259.341296
1494.578494
1531.597772
1411.753717

1452.043633
1488.502153
1494.816371
1506.917401

1450.162746
1491.048694
1519.234475
1533.254093

1464.175166
1478.873990
1527.485859
1503.367856

1506.830647
1540.316767
1572.062927
1569.540371

1506.696049
1543.954353
1573.774156
1566.243099

1463.022701
1542.585718
1583.818883
1572.519779

1559.495925
1549.877221
1592.373243
1596.287106

1533.683030
1581.687144
1598.160709
1577.111886

1590.567717
1617.384598
1634.068107
1599.448377

1540.641916
1603.162237
1582.795052
1586.368593

1569.265732
1623.803003
1637.052524
1605.282233

1534.628777
1588.409021
1631.905897
1582.834059

1514.943911
1575.791215
1593.627568
1576.415111

1526.186981
1588.105990
1626.299752
1576.130325

1452.874661
1598.272371
1596.656773
1586.431589

1585.317382
1628.419173
1606.291181
1600.046380

1564.306077
1555.364010
1583.512796
1579.790368

1526.662217
1538.980667
1614.607519
1575.437091

1574.853773
1627.102846
1615.088188
1498.097897

1595.094717
1603.650283
1618.198353
1600.448775

1595.444015
1609.026988
1624.232287
1586.417724

1589.270102
1534.913999
1397.781377
1594.125347

1563.207796
1560.383381
1610.202420
1602.563133

1594.914641
1558.110368
1632.844493
1610.204594

1593.580119
1606.502890
1618.432663
1464.622324

1530.229912
1525.166072
1566.320962
1560.738063

1530.785126
1526.862390
1584.797113
1554.143426

1590.448342
1603.620407
1642.561249
1599.951025

1586.373415
1617.555682
1633.423316
1593.321631

1583.734164
1575.471872
1612.531661
1574.175018

1451.980252
1440.537598
1496.775509
1488.416445

1540.621732
1557.061127
1587.124578
1558.058032

1457.523305
1473.978042
1492.963257
1497.308856

1486.101034
1504.813383
1537.220537
1532.738165

1578.860702
1579.840586
1624.248402
1585.980175

1594.985935
1596.432999
1644.119925
1614.916688

1560.914297
1572.782226
1596.416211
1582.750946

1528.826421
1527.802258
1585.220163
1559.930929
